131332272551886848
144287552050823168
138740249147736064
140768016332750848
125167600392077312
150274959158149121
151774967971708929
108275372079992832
175770742779150336
170650297503318016
147892893208543232
148940459736170496
155664251183300609
156087290425245697
143811785948921865
152839605840773129
185987268442456067
184440273038868482
215612220028092418
154718197726052352
157986014747426817
161697885736402944
157691244149997568
204333661359702017
203610512376856577
147474557828071425
160545075531612161
138051204948164608
134680912691462144
143390437992824832
77050627317825536
207015051612258304
127195735753097216
85112720394842112
159264351939854336
163888697157091328
206853238777970688
133036101848924160
130521094233915392
132218881543503872
141367888387899392
164509419445420032
151766814257315840
124514183743143936
133003212507709440
152822935034396672
152547452883435520
140322824794537985
158343615146491904
